000000000000000000000000000000
000000000000000000000000000000
000000000000000000000000000000
000000000000000000000000000000
000000010111101000000000000000
000000011111111000000000000000
000000011111111100000000000000
000000110110111100000001000000
000000111111111111000001000000
000000111001111111110001000000
000000101011011111111111000000
000000110000111111111111000000
000000111111111111111111000000
000000111111111111111111000000
000000111111111111111111000000
000000111111111111111111000000
000000111111111111111110000000
000000011111111111111110000000
000000011001100001100110000000
000000011001100001100110000000
000000010001000001000100000000
000000000000000000000000000000
000000000000000000000000000000
000000000000000000000000000000
000000000000000000000000000000